0        h: 1.597191e+00 t: 0.000000e+00 N: 2
     s[0]: +5.000000e+01 +5.000000e+01 +0.000000e+00
     s[1]: +0.000000e+00 +0.000000e+00 +0.000000e+00
     E:    +4.900000e+02 +4.900000e+02 +0.000000e+00
1        h: 1.597191e+00 t: 1.597191e+00 N: 2
     s[0]: +3.750000e+01 +5.000000e+01 -3.333333e-01
     s[1]: -1.565248e+01 -1.565248e+01 +0.000000e+00
     E:    +4.900000e+02 +6.125000e+02 -2.500000e-01
2        h: 1.597191e+00 t: 3.194383e+00 N: 2
     s[0]: -7.105427e-15 +2.500000e+01 -1.000000e+00
     s[1]: -3.130495e+01 -3.130495e+01 +0.000000e+00
     E:    +4.900000e+02 +7.350000e+02 -5.000000e-01
