5198     h: 7.035784e-04 t: 5.000681e+00 N: 2
     s[0]: +9.999908e-01 +9.999908e-01 +8.437695e-14
     s[1]: -2.689328e-02 -2.689328e-02 +1.941780e-12
     E:    +1.973921e+01 +1.973921e+01 +1.688649e-13
  clock-time: 1.000000e+04
